ID	gdp_2008	gdp_pps_2008	pop_t_2008	gdppercapita
AT111	700000	641000	37,452	18690,5906226637
AT112	3573000	3272000	146,383	24408,5720336378
AT113	1947000	1783000	97,35	20000
AT121	6341000	5807000	241,083	26302,144904452
AT122	6306000	5774000	251,838	25039,9066066281
AT123	4919000	4504000	147,468	33356,389182738
AT124	5180000	4743000	221,222	23415,3926824638
AT125	2084000	1908000	123,848	16827,0783541115
AT126	7132000	6530000	298,285	23910,0189416162
AT127	12811000	11731000	312,794	40956,6679667769
AT130	75049000	68722000	1674,909	44807,8074689431
AT211	9139000	8369000	274,722	33266,3565349699
AT212	3068000	2810000	129,886	23620,7135488043
AT213	3772000	3454000	155,714	24223,8976585278
AT221	15365000	14070000	390,764	39320,4082259369
AT222	2217000	2030000	80,673	27481,3134505969
AT223	4968000	4550000	169,119	29375,7649938801
AT224	6081000	5568000	268,186	22674,5616848009
AT225	4240000	3882000	190,684	22235,7408067798
AT226	2574000	2357000	105,521	24393,2487372182
AT311	7077000	6481000	274,955	25738,7572511866
AT312	24423000	22364000	545,051	44808,6509335824
AT313	3907000	3578000	204,174	19135,6392096937
AT314	4942000	4525000	153,101	32279,345007544
AT315	6937000	6352000	229,383	30241,9970093686
AT321	505000	463000	21,051	23989,3591753361
AT322	5312000	4864000	162,999	32589,1569886932
AT323	14667000	13431000	343,402	42710,875300668
AT331	1245000	1140000	31,874	39060,0489427119
AT332	10414000	9536000	280,137	37174,6681088182
AT333	1220000	1117000	50,353	24228,9436577761
AT334	3380000	3095000	100,464	33643,8923395445
AT335	8461000	7748000	237,879	35568,5033147104
AT341	3436000	3146000	88,478	38834,5125341893
AT342	9693000	8876000	277,39	34943,5812394102
BE100	64190000	57332000	1048,491	61221,3171119256
BE211	40364000	36051000	969,563	41631,1266003344
BE212	11169000	9976000	319,107	35000,7991050024
BE213	13540000	12094000	427,037	31706,8544411843
BE221	13192000	11783000	401,919	32822,5338936452
BE222	5433000	4852000	229,441	23679,2901007231
BE223	3792000	3387000	195,33	19413,3005682691
BE231	5722000	5110000	269,489	21232,7775901799
BE232	4192000	3744000	190,338	22023,9783963265
BE233	1845000	1648000	80,864	22816,0862683023
BE234	19042000	17008000	516,609	36859,5978776986
BE235	3284000	2933000	118,101	27806,7078178847
BE236	6786000	6061000	233,083	29114,0924048515
BE241	22892000	20446000	584,416	39170,7277008159
BE242	13046000	11652000	475,816	27418,1616423155
BE251	8864000	7917000	275,599	32162,6711272537
BE252	1046000	934000	49,012	21341,7122337387
BE253	2699000	2410000	105,144	25669,5579395876
BE254	9147000	8169000	278,672	32823,534477809
BE255	3729000	3331000	149,287	24978,7322405836
BE256	4786000	4275000	143,616	33324,9777183601
BE257	2960000	2643000	89,584	33041,6145740311
BE258	1763000	1575000	59,573	29593,9435650379
BE310	12184000	10882000	373,492	32621,8499994645
BE321	1460000	1304000	82,725	17648,8365064974
BE322	10460000	9342000	423,204	24716,2125121691
BE323	5073000	4531000	250,431	20257,0767995975
BE324	1845000	1648000	71,411	25836,3557435129
BE325	3422000	3056000	181,217	18883,4380880381
BE326	2021000	1805000	148,178	13639,0017411492
BE327	3498000	3124000	142,931	24473,3472794565
BE331	2330000	2081000	105,77	22028,9306986858
BE332	15810000	14121000	597,478	26461,2253505568
BE334	1090000	973000	73,905	14748,663825181
BE335	4354000	3889000	202,4	21511,8577075099
BE336	1788000	1597000	74,169	24107,1067427092
BE341	1325000	1184000	56,392	23496,2406015038
BE342	867000	774000	44,012	19699,172952831
BE343	1318000	1177000	53,593	24592,7639803706
BE344	1378000	1231000	58,726	23464,9048121786
BE345	805000	719000	51,361	15673,3708455832
BE351	1830000	1635000	104,719	17475,3387637392
BE352	7670000	6850000	296,494	25868,988917145
BE353	995000	889000	64,167	15506,4129536989
BG311	289000	677000	112,604	2566,5162871657
BG312	442000	1033000	161,161	2742,599015891
BG313	756000	1770000	202,711	3729,4473412888
BG314	806000	1886000	297,928	2705,3516285814
BG315	490000	1147000	155,468	3151,7739985077
BG321	808000	1891000	278,764	2898,5091331736
BG322	497000	1164000	133,218	3730,7270789233
BG323	952000	2228000	253,008	3762,7268702966
BG324	376000	881000	136,062	2763,4460760536
BG325	332000	776000	130,898	2536,3259942856
BG331	2413000	5647000	459,613	5250,0690798563
BG332	600000	1405000	203,138	2953,6571197905
BG333	595000	1392000	196,559	3027,0809273552
BG334	365000	855000	132,771	2749,0943052323
BG341	1851000	4332000	420,095	4406,1462288292
BG342	504000	1180000	207,786	2425,5724639774
BG343	359000	840000	142,475	2519,7403053167
BG344	1603000	3751000	355,626	4507,5444427573
BG411	13296000	31117000	1240,788	10715,7709455604
BG412	920000	2153000	256,511	3586,5908284635
BG413	1046000	2449000	329,309	3176,3480500078
BG414	716000	1676000	138,773	5159,505091048
BG415	416000	972000	149,187	2788,4467145261
BG421	2456000	5747000	705,121	3483,0901363029
BG422	751000	1757000	261,726	2869,4130502892
BG423	906000	2121000	294,086	3080,731486708
BG424	455000	1065000	128,2	3549,1419656786
BG425	431000	1008000	156,652	2751,3214003013
CH011	30077000	24028000	672,039	44754,8430969036
CH012	10001000	7990000	298,58	33495,2106638087
CH013	22498000	17973000	438,177	51344,5479794695
CH021	38155000	30481000	962,982	39621,7167091389
CH022	8957000	7155000	263,241	34025,8546351062
CH023	9941000	7942000	250,24	39725,8631713555
CH024	7016000	5605000	169,782	41323,5796491972
CH025	2370000	1893000	69,555	34073,7545827043
CH031	16209000	12949000	185,227	87508,8405038142
CH032	12301000	9827000	269,145	45703,9885563544
CH033	24502000	19574000	581,562	42131,3634659761
CH040	73828000	58979000	1307,567	56462,1162816131
CH051	2171000	1734000	38,237	56777,4668514789
CH052	3526000	2817000	74,527	47311,7125337126
CH053	2063000	1648000	52,654	39180,3091882858
CH054	579000	463000	15,471	37424,8594143882
CH055	18341000	14652000	465,937	39363,6907993999
CH056	7990000	6383000	188,762	42328,4347485193
CH057	9222000	7367000	238,316	38696,5205861126
CH061	13520000	10801000	363,475	37196,5059495151
CH062	1454000	1162000	34,989	41555,9175740947
CH063	5707000	4559000	141,024	40468,2890855457
CH064	1112000	888000	33,997	32708,768420743
CH065	2104000	1681000	40,287	52225,28359024
CH066	7670000	6127000	109,141	70276,0649068636
CH070	11510000	9195000	328,58	35029,5209690182
CY000	17287000	19316000	789,269	21902,5452665694
CZ010	37176000	52877000	1212,097	30670,8126494827
CZ020	15901000	22617000	1201,827	13230,6896084045
CZ031	7582000	10785000	633,264	11972,8896637106
CZ032	6821000	9702000	561,074	12157,0416736473
CZ041	3017000	4291000	307,449	9813,0096373708
CZ042	9496000	13506000	831,18	11424,7214803051
CZ051	4501000	6402000	433,948	10372,2104952667
CZ052	6564000	9336000	552,212	11886,7391509058
CZ053	6057000	8616000	511,4	11843,9577630035
CZ063	5731000	8151000	513,677	11156,8164430177
CZ064	15775000	22437000	1140,534	13831,2404540329
CZ071	6852000	9747000	641,791	10676,3728378865
CZ072	7099000	10097000	590,78	12016,3174108805
CZ080	15308000	21773000	1249,897	12247,409186517
DE111	34225000	32855000	597,176	57311,4123809396
DE112	15299000	14686000	372,755	41043,0443588953
DE113	16887000	16211000	514,503	32821,9660526761
DE114	6757000	6486000	255,807	26414,4452653759
DE115	16482000	15822000	515,146	31994,8131209405
DE116	11324000	10871000	417,131	27147,3469965071
DE117	5262000	5052000	121,627	43263,4201287543
DE118	10589000	10165000	330,302	32058,5403660892
DE119	3663000	3516000	109,9	33330,3002729754
DE11A	6272000	6020000	189,288	33134,6942225603
DE11B	4232000	4062000	135,387	31258,5403325282
DE11C	3924000	3767000	133,449	29404,4916035339
DE11D	10096000	9692000	314,624	32089,0968266884
DE121	2448000	2350000	54,853	44628,3703717208
DE122	13908000	13351000	288,917	48138,3926871731
DE123	12833000	12319000	431,519	29739,1308378078
DE124	7555000	7252000	227,929	33146,2867822875
DE125	6461000	6203000	145,311	44463,2546744569
DE126	15415000	14798000	309,795	49758,7114059297
DE127	3742000	3592000	149,572	25018,0515069665
DE128	14414000	13837000	534,989	26942,6100349727
DE129	4402000	4225000	119,423	36860,5712467448
DE12A	3592000	3448000	159,644	22500,0626393726
DE12B	4617000	4433000	195,457	23621,5638222218
DE12C	3898000	3742000	121,865	31986,2142534772
DE131	8356000	8021000	219,43	38080,4812468669
DE132	5609000	5384000	250,183	22419,5888609538
DE133	3649000	3503000	157,629	23149,2935944528
DE134	13662000	13115000	417,754	32703,4570584602
DE135	4416000	4239000	141,551	31197,2363317815
DE136	6708000	6440000	209,709	31987,1822382444
DE137	4757000	4566000	135,306	35157,3470503895
DE138	8024000	7703000	275,12	29165,4550741495
DE139	6151000	5905000	222,528	27641,4653436871
DE13A	4232000	4062000	167,2	25311,004784689
DE141	8420000	8083000	281,58	29902,6919525534
DE142	5565000	5342000	217,482	25588,3245509973
DE143	5517000	5297000	191,531	28804,7365700592
DE144	6976000	6696000	121,434	57446,8435528765
DE145	5070000	4867000	190,212	26654,4697495426
DE146	6958000	6679000	189,089	36797,4868977043
DE147	7499000	7199000	206,759	36269,2796927824
DE148	9181000	8814000	276,47	33207,9429956234
DE149	3873000	3718000	132,419	29248,0686306346
DE211	7371000	7076000	123,055	59900,0446954614
DE212	73344000	70408000	1311,573	55920,6388054649
DE213	2449000	2351000	60,674	40363,2527936184
DE214	4765000	4574000	108,773	43806,8270618628
DE215	2770000	2659000	102,383	27055,2728480314
DE216	3316000	3183000	120,834	27442,6072132016
DE217	3002000	2882000	136,272	22029,4704708231
DE218	3153000	3027000	126,4	24944,6202531646
DE219	2730000	2621000	124,419	21941,9863525667
DE21A	2933000	2816000	124,876	23487,2994010058
DE21B	7712000	7403000	164,692	46826,8039734778
DE21C	4099000	3935000	201,148	20378,0301071848
DE21D	2104000	2020000	86,872	24219,5413942352
DE21E	2924000	2807000	113,311	25805,0851197148
DE21F	2814000	2701000	95,267	29538,0352063149
DE21G	3360000	3226000	110,536	30397,3366143157
DE21H	26951000	25872000	315,462	85433,4277979598
DE21I	2665000	2558000	91,067	29264,1681399409
DE21J	3235000	3105000	116,407	27790,4249744431
DE21K	6826000	6553000	248,047	27518,9782581527
DE21L	4958000	4759000	129,515	38281,2801605992
DE21M	5171000	4964000	170,546	30320,265500217
DE21N	3883000	3727000	131,317	29569,6672936482
DE221	2956000	2838000	62,629	47198,5821264909
DE222	2984000	2865000	50,741	58808,4586429121
DE223	2092000	2009000	44,625	46879,5518207283
DE224	3617000	3472000	117,594	30758,3720257836
DE225	1748000	1678000	80,427	21733,9948027404
DE226	2823000	2710000	113,088	24962,8607809847
DE227	4012000	3852000	148,286	27055,8245552513
DE228	4368000	4194000	188,462	23177,086096932
DE229	2007000	1927000	80,195	25026,4979113411
DE22A	3184000	3056000	118,8	26801,3468013468
DE22B	2102000	2018000	97,81	21490,64512831
DE22C	3794000	3642000	91,481	41473,0927733628
DE231	2039000	1958000	44,216	46114,5286774018
DE232	9854000	9460000	132,495	74372,6178346353
DE233	2064000	1981000	42,445	48627,6357639298
DE234	2229000	2140000	107,069	20818,3507831398
DE235	3670000	3523000	129,605	28316,8087650939
DE236	3923000	3765000	128,488	30532,0341199178
DE237	2166000	2079000	99,007	21877,2410031614
DE238	3677000	3529000	182,721	20123,5763814778
DE239	3933000	3775000	144,089	27295,6297843694
DE23A	1909000	1833000	76,549	24938,2748305007
DE241	3913000	3756000	69,884	55992,7880487665
DE242	3589000	3445000	73,097	49099,1422356595
DE243	2512000	2412000	41,283	60848,2910641184
DE244	1733000	1663000	47,744	36297,754691689
DE245	2752000	2641000	144,949	18985,9881751513
DE246	2043000	1961000	107,649	18978,346292116
DE247	2149000	2063000	90,244	23813,2174992243
DE248	2225000	2136000	113,389	19622,7147254143
DE249	2752000	2642000	103,686	26541,6739000444
DE24A	2079000	1995000	72,289	28759,562312385
DE24B	2127000	2042000	76,153	27930,6133704516
DE24C	2029000	1948000	69,045	29386,6319067275
DE24D	2105000	2020000	79,433	26500,3210252666
DE251	1916000	1839000	40,33	47508,0585172328
DE252	6538000	6276000	104,65	62474,9163879599
DE253	4601000	4417000	114,13	40313,6773854377
DE254	23345000	22410000	503,11	46401,3833952814
DE255	1147000	1101000	38,753	29597,7085644982
DE256	4719000	4530000	182,293	25886,8963701294
DE257	3346000	3212000	130,873	25566,7708389049
DE258	2434000	2337000	114,483	21260,7985465091
DE259	4327000	4154000	167,444	25841,475358926
DE25A	2286000	2195000	99,106	23066,2119346962
DE25B	2820000	2707000	125,24	22516,7678058128
DE25C	2304000	2211000	93,711	24586,2278707942
DE261	3746000	3596000	68,646	54569,8219852577
DE262	4081000	3918000	53,798	75857,8385813599
DE263	5884000	5649000	135,212	43516,8476170754
DE264	4408000	4232000	174,168	25308,8971567682
DE265	2629000	2524000	106,628	24655,8127321154
DE266	2307000	2215000	84,676	27245,0281071378
DE267	2100000	2016000	86,477	24283,9136417776
DE268	2500000	2400000	89,293	27997,7153864245
DE269	3457000	3319000	130,303	26530,4712861561
DE26A	3817000	3664000	130,148	29328,1494913483
DE26B	2007000	1926000	114,657	17504,3826369083
DE26C	3402000	3266000	160,761	21161,8489559035
DE271	11360000	10905000	262,992	43195,2302731642
DE272	1317000	1265000	42,043	31325,0719501463
DE273	2694000	2587000	61,703	43660,7620375022
DE274	2067000	1985000	41,021	50388,8252358548
DE275	2942000	2824000	127,785	23023,0465234574
DE276	6149000	5903000	240,976	25517,0639399774
DE277	2457000	2358000	94,759	25928,9355100835
DE278	4372000	4197000	121,691	35927,0611631098
DE279	5068000	4865000	164,135	30877,0219636275
DE27A	2163000	2077000	80,139	26990,6038258526
DE27B	3699000	3551000	134,462	27509,6309738067
DE27C	3526000	3385000	135,898	25945,9300357621
DE27D	4805000	4613000	130,035	36951,5899565502
DE27E	3775000	3624000	150,69	25051,4300882607
DE300	88066000	84540000	3416,255	25778,5206315102
DE411	1817000	1744000	61,969	29321,1121689877
DE412	3002000	2882000	177,589	16904,2001475317
DE413	3228000	3098000	191,64	16844,0826549781
DE414	4119000	3954000	201,945	20396,6426502265
DE415	3647000	3501000	188,035	19395,3253383679
DE416	2058000	1976000	105,812	19449,5898385816
DE417	1739000	1669000	85,705	20290,531474243
DE418	2784000	2673000	134,958	20628,64002134
DE421	1713000	1644000	72,954	23480,5493872851
DE422	3066000	2943000	102,811	29821,7116845474
DE423	4723000	4534000	150,833	31312,7763818263
DE424	4742000	4552000	161,699	29326,0935441778
DE425	2128000	2043000	117,522	18107,2480046289
DE426	2478000	2378000	155,359	15950,1541590767
DE427	2670000	2563000	127,278	20977,7023523311
DE428	3505000	3365000	204,51	17138,526233436
DE429	3054000	2931000	132,798	22997,3342972033
DE42A	3578000	3434000	162,32	22042,8782651552
DE501	23502000	22561000	547,769	42904,9471583825
DE502	3769000	3618000	115,313	32684,9531275745
DE600	86970000	83488000	1770,629	49118,1382435282
DE711	7697000	7389000	142,191	54131,4147871525
DE712	53260000	51127000	659,021	80816,848021535
DE713	4398000	4222000	118,245	37193,961689712
DE714	13165000	12638000	275,849	47725,3859901613
DE715	6651000	6385000	264,38	25156,9710265527
DE716	6360000	6106000	289,071	22001,5151986882
DE717	9107000	8743000	253,013	35994,1979265888
DE718	8470000	8131000	226,043	37470,7467163327
DE719	11054000	10611000	408,162	27082,3839553903
DE71A	9087000	8723000	225,426	40310,3457453887
DE71B	2227000	2138000	98,954	22505,4065525396
DE71C	11245000	10795000	336,671	33400,5601908094
DE71D	3794000	3642000	184,152	20602,5457230983
DE71E	7414000	7117000	299,054	24791,5092257586
DE721	7670000	7363000	255,776	29987,1762792443
DE722	7947000	7628000	258,063	30794,8059194848
DE723	4050000	3888000	173,754	23308,8159121517
DE724	7619000	7314000	252,187	30211,7079786032
DE725	2465000	2366000	113,479	21722,0807374052
DE731	8619000	8274000	193,803	44472,9957740592
DE732	6889000	6613000	219,055	31448,7229234667
DE733	3872000	3717000	125,211	30923,8006245458
DE734	5400000	5184000	240,728	22431,9563989233
DE735	4631000	4445000	187,058	24757,0272321954
DE736	4487000	4308000	166,053	27021,4931377331
DE737	2478000	2378000	107,156	23125,1633133002
DE801	1395000	1339000	53,845	25907,6980221005
DE802	2168000	2082000	66,735	32486,7011313404
DE803	5605000	5380000	200,413	27967,2476336365
DE804	3010000	2889000	95,855	31401,596160868
DE805	1696000	1628000	58,027	29227,7732779568
DE806	1203000	1155000	45,012	26726,2063449747
DE807	2337000	2244000	118,677	19692,1054627266
DE808	1506000	1446000	83,5	18035,9281437126
DE809	1989000	1909000	102,762	19355,4037484673
DE80A	2426000	2329000	126,099	19238,8520131008
DE80B	1169000	1122000	80,924	14445,6527111858
DE80C	1353000	1298000	66,503	20344,9468445033
DE80D	1740000	1671000	109,448	15897,9606753892
DE80E	1870000	1795000	118,677	15757,0548632001
DE80F	1754000	1684000	108,138	16220,0151658067
DE80G	1610000	1545000	99,959	16106,6037075201
DE80H	1364000	1309000	69,716	19565,0926616559
DE80I	1292000	1241000	75,392	17137,0967741936
DE911	8728000	8379000	245,81	35507,0989788861
DE912	3712000	3563000	105,32	35244,9677174326
DE913	9234000	8864000	120,009	76944,2291828113
DE914	2742000	2632000	174,401	15722,3869129191
DE915	6882000	6607000	261,26	26341,5754420883
DE916	3361000	3227000	148,091	22695,5047909731
DE917	1787000	1715000	95,871	18639,6303365981
DE918	2988000	2868000	144,044	20743,6616589375
DE919	2392000	2296000	80,3	29788,2938978829
DE91A	2585000	2482000	133,56	19354,5971847859
DE91B	2001000	1921000	124,652	16052,6906908834
DE922	5036000	4834000	215,142	23407,7957813909
DE923	4169000	4003000	157,867	26408,3057257058
DE925	6381000	6126000	288,623	22108,4251774807
DE926	1730000	1661000	76,103	22732,3495788602
DE927	2780000	2668000	124,895	22258,6973057368
DE928	3136000	3010000	164,172	19101,9175011573
DE929	39245000	37674000	1130,039	34728,8898878711
DE931	4201000	4033000	181,115	23195,2074648704
DE932	3573000	3430000	202,933	17606,7963317942
DE933	4305000	4133000	243,888	17651,5449714623
DE934	1008000	968000	50,465	19974,2395719806
DE935	3804000	3652000	176,445	21559,1260732806
DE936	1852000	1778000	112,679	16436,0706076554
DE937	3937000	3779000	165,074	23849,9097374511
DE938	3694000	3546000	141,692	26070,6320752054
DE939	5335000	5121000	197,091	27068,7144517
DE93A	2212000	2124000	95,983	23045,7476844858
DE93B	3342000	3208000	133,767	24983,7403843997
DE941	1610000	1545000	75,135	21428,096093698
DE942	2133000	2048000	51,714	41246,0842325096
DE943	6047000	5805000	159,563	37897,2568828613
DE944	6649000	6383000	162,87	40823,9700374532
DE945	2805000	2693000	82,192	34127,408993576
DE946	2636000	2531000	117,041	22522,0221973496
DE947	3500000	3359000	190,293	18392,6891688081
DE948	3860000	3706000	157,164	24560,3318826194
DE949	9179000	8811000	313,533	29276,0251711941
DE94A	1958000	1879000	100,779	19428,6508101886
DE94B	3225000	3096000	135,27	23841,206475937
DE94C	3635000	3490000	165,088	22018,5597984105
DE94D	2386000	2290000	126,131	18916,8404278092
DE94E	8140000	7814000	358,852	22683,4461003422
DE94F	4259000	4088000	134,404	31688,0449986608
DE94G	2566000	2463000	92,622	27704,001209216
DE94H	1107000	1062000	57,742	19171,4869592325
DEA11	42552000	40848000	581,122	73223,8669332774
DEA12	15321000	14708000	496,665	30847,7545226662
DEA13	22190000	21302000	582,14	38117,978493146
DEA14	7933000	7615000	236,516	33541,0712171692
DEA15	6889000	6613000	260,018	26494,319624026
DEA16	5833000	5599000	168,925	34530,116915791
DEA17	4792000	4601000	217,108	22071,9641837242
DEA18	3469000	3330000	113,935	30447,1847983499
DEA19	4041000	3879000	162,575	24856,2202060587
DEA1A	10405000	9989000	356,42	29193,0868076988
DEA1B	8576000	8233000	308,928	27760,5137766729
DEA1C	15227000	14618000	502,045	30329,950502445
DEA1D	15266000	14655000	444,515	34343,0480411235
DEA1E	7094000	6810000	303,331	23386,99308676
DEA1F	9752000	9361000	474,045	20571,886635235
DEA21	9139000	8773000	259,03	35281,6276107015
DEA22	13581000	13037000	316,416	42921,3440533981
DEA23	42856000	41140000	995,397	43054,1783830974
DEA24	6439000	6181000	161,345	39908,2710960984
DEA25	6676000	6409000	309,929	21540,4173213865
DEA26	6304000	6051000	270,725	23285,6219410841
DEA27	12835000	12322000	464,209	27649,1838805366
DEA28	4458000	4280000	192,973	23101,6774367399
DEA29	4660000	4473000	256,85	18142,8849523068
DEA2A	7905000	7588000	286,801	27562,6654021429
DEA2B	5759000	5529000	278,345	20690,1507122456
DEA2C	12623000	12118000	599,042	21071,9782586196
DEA31	2206000	2118000	118,597	18600,8077775998
DEA32	7263000	6972000	264,765	27431,8735482409
DEA33	12232000	11742000	272,951	44813,9043271503
DEA34	9962000	9563000	370,196	26910,0692606079
DEA35	4767000	4576000	221,381	21533,0132215502
DEA36	12991000	12471000	639,811	20304,4336530632
DEA37	10739000	10309000	445,019	24131,5539336523
DEA38	7012000	6732000	281,641	24896,9432717538
DEA41	10686000	10258000	324,912	32888,9053035899
DEA42	12167000	11680000	354,239	34346,8675103532
DEA43	6898000	6622000	252,949	27270,3193133794
DEA44	3196000	3068000	151,277	21126,807115424
DEA45	8803000	8450000	357,582	24618,1295479079
DEA46	9240000	8870000	319,401	28929,1517559432
DEA47	8532000	8190000	298,838	28550,5859361929
DEA51	11736000	11266000	381,542	30759,3921507986
DEA52	19003000	18242000	586,909	32378,1029086281
DEA53	6221000	5972000	193,748	32108,7185416108
DEA54	4310000	4138000	183,065	23543,5501051539
DEA55	3356000	3222000	168,454	19922,3526897551
DEA56	8378000	8043000	338,466	24752,8555305407
DEA57	7588000	7284000	273,898	27703,7437294175
DEA58	12793000	12281000	441,704	28962,8348396211
DEA59	4453000	4275000	140,973	31587,6089747682
DEA5A	9558000	9175000	288,441	33136,7593372648
DEA5B	8170000	7843000	307,159	26598,6020269632
DEA5C	9499000	9119000	419,353	22651,5608568438
DEB11	5403000	5186000	106,087	50929,8971598782
DEB12	2485000	2386000	129,096	19249,2408750077
DEB13	2939000	2822000	134,912	21784,570683112
DEB14	3738000	3588000	157,471	23737,7040851966
DEB15	1891000	1815000	86,469	21869,1091605084
DEB16	1421000	1364000	64,863	21907,7131800873
DEB17	4968000	4769000	212,944	23330,077391239
DEB18	4513000	4332000	183,618	24578,2003942969
DEB19	2650000	2544000	104,263	25416,4948255853
DEB1A	2440000	2342000	126,258	19325,5080866163
DEB1B	5238000	5028000	201,938	25938,654438491
DEB21	3937000	3779000	103,888	37896,5809333128
DEB22	2815000	2702000	113,043	24902,0284316587
DEB23	2194000	2107000	95,219	23041,6198447789
DEB24	1428000	1371000	62,813	22734,1473898715
DEB25	2336000	2243000	141,009	16566,3184619421
DEB31	1363000	1309000	47,09	28944,5742195795
DEB32	3570000	3427000	97,77	36514,2681804234
DEB33	1460000	1402000	43,063	33903,8153403153
DEB34	9482000	9103000	163,777	57895,79733418
DEB35	8178000	7851000	198,118	41278,4300265498
DEB36	1259000	1209000	53,683	23452,4896149619
DEB37	1339000	1285000	41,875	31976,1194029851
DEB38	1846000	1772000	50,673	36429,6568192134
DEB39	2264000	2174000	82,29	27512,4559484749
DEB3A	1382000	1327000	34,719	39805,2939312768
DEB3B	2495000	2395000	125,697	19849,3201906171
DEB3C	2452000	2354000	134,341	18252,0600561258
DEB3D	1638000	1572000	77,877	21033,1676875072
DEB3E	3507000	3367000	125,822	27872,7090651873
DEB3F	1723000	1654000	107,875	15972,1900347625
DEB3G	1170000	1123000	74,876	15625,8347133928
DEB3H	2058000	1976000	109,957	18716,4073228626
DEB3I	2042000	1960000	149,202	13686,1436173778
DEB3J	4769000	4578000	201,451	23673,2505671354
DEB3K	1355000	1301000	101,596	13337,1392574511
DEC01	12206000	11717000	336,826	36238,2951434865
DEC02	2306000	2214000	106,001	21754,5117498892
DEC03	2883000	2768000	141,426	20385,2191251962
DEC04	6794000	6522000	207,723	32707,0184813429
DEC05	4725000	4535000	151,859	31114,3890055907
DEC06	1957000	1879000	92,763	21096,7734980542
DED11	6856000	6582000	244,951	27989,2713236525
DED12	1625000	1560000	67,613	24033,8396462219
DED13	2973000	2854000	95,841	31020,1270854853
DED14	1433000	1375000	81,438	17596,2081583536
DED15	3031000	2909000	131,431	23061,5303847646
DED16	3543000	3401000	141,622	25017,2995721004
DED17	3375000	3240000	186,059	18139,4073922788
DED18	1324000	1271000	86,667	15276,8643197526
DED19	2562000	2459000	127,96	20021,8818380744
DED1A	1519000	1458000	87,237	17412,3365085915
DED1B	2204000	2115000	127,229	17323,0945774941
DED1C	1880000	1804000	125,675	14959,2202108613
DED21	15289000	14676000	507,513	30125,3366908828
DED22	1176000	1129000	56,724	20731,9653056907
DED23	664000	638000	40,294	16478,8802303072
DED24	3027000	2906000	146,197	20704,9392258391
DED25	3139000	3013000	148,268	21171,1225618475
DED26	1844000	1770000	93,239	19777,1318868714
DED27	2500000	2400000	111,075	22507,3148773351
DED28	2346000	2252000	138,772	16905,4276078748
DED29	2248000	2158000	137,01	16407,5614918619
DED2A	2136000	2050000	120,645	17704,8365037921
DED2B	2892000	2776000	146,979	19676,2802849387
DED31	13721000	13172000	510,512	26876,9392296361
DED32	2526000	2425000	120,775	20914,9244462844
DED33	1573000	1510000	70,533	22301,6176825032
DED34	2740000	2630000	145,366	18848,9743131131
DED35	2412000	2316000	129,166	18673,6447671988
DED36	1811000	1738000	93,409	19387,8534188354
DEE01	2176000	2089000	89,934	24195,5211599618
DEE02	5447000	5229000	234,295	23248,4688106874
DEE03	6538000	6277000	230,14	28408,7946467368
DEE04	1969000	1890000	93,323	21098,7645060703
DEE05	4252000	4082000	184,877	22999,075060716
DEE06	2046000	1964000	99,693	20523,0056272757
DEE07	4306000	4134000	185,457	23218,3201496843
DEE08	4108000	3944000	201,932	20343,4819642256
DEE09	4886000	4690000	241,017	20272,4289158026
DEE0A	2561000	2459000	158,223	16186,0159395284
DEE0B	5393000	5177000	203,989	26437,7000720627
DEE0C	4419000	4242000	219,222	20157,6484111996
DEE0D	2536000	2434000	127,464	19895,8137199523
DEE0E	2770000	2659000	142,906	19383,3708871566
DEF01	3132000	3007000	87,792	35675,2323674139
DEF02	8970000	8611000	236,902	37863,7580096411
DEF03	6233000	5983000	211,541	29464,7373322429
DEF04	2397000	2301000	77,595	30891,165667891
DEF05	3024000	2902000	136,451	22161,8016723952
DEF06	3672000	3525000	187,094	19626,4979101414
DEF07	4602000	4417000	166,727	27602,0080730775
DEF08	4119000	3954000	205,688	20025,4754774221
DEF09	8542000	8200000	301,32	28348,5994955529
DEF0A	2174000	2087000	135,422	16053,5215843807
DEF0B	6054000	5812000	272,488	22217,4921464431
DEF0C	3782000	3630000	199,101	18995,3842522137
DEF0D	6487000	6227000	258,336	25110,7085346216
DEF0E	3554000	3411000	134,664	26391,6117150835
DEF0F	6768000	6497000	226,252	29913,547725545
DEG01	6301000	6048000	202,929	31050,2688132302
DEG02	2336000	2243000	101,618	22988,0532976441
DEG03	3492000	3352000	102,752	33984,7399563999
DEG04	1012000	971000	41,015	24673,8997927587
DEG05	1427000	1369000	64,72	22048,825710754
DEG06	2061000	1978000	107,924	19096,7718023795
DEG07	1862000	1787000	91,762	20291,6239837841
DEG09	2252000	2162000	111,643	20171,4393199753
DEG0A	1458000	1400000	85,362	17080,19962044
DEG0B	2707000	2598000	134,262	20162,0711742712
DEG0C	3125000	3000000	141,405	22099,6428697712
DEG0D	1389000	1333000	75,257	18456,7548533691
DEG0E	1237000	1187000	69,425	17817,7889809147
DEG0F	2492000	2392000	114,445	21774,6515793613
DEG0G	1573000	1510000	86,568	18170,6866278532
DEG0H	1298000	1246000	62,384	20806,6170813029
DEG0I	2691000	2584000	121,542	22140,4946438268
DEG0J	1736000	1666000	88,935	19519,8740653286
DEG0K	1980000	1901000	90,91	21779,782202178
DEG0L	1851000	1777000	112,682	16426,7584884897
DEG0M	1841000	1767000	103,313	17819,6354766583
DEG0N	998000	958000	43,308	23044,24124873
DEG0P	2967000	2848000	135,058	21968,3395282027
DK011	41092000	29787000	656,582	62584,7190449936
DK012	28299000	20514000	504,481	56095,2741530405
DK013	15945000	11558000	441,849	36086,9889939776
DK014	1365000	989000	42,913	31808,5428657982
DK021	7732000	5605000	232,459	33261,7794965994
DK022	18443000	13369000	586,968	31420,7929563451
DK031	17205000	12472000	482,41	35664,6835679194
DK032	30386000	22027000	712,249	42662,0465595599
DK041	18144000	13153000	424,668	42725,1405804063
DK042	32088000	23261000	812,373	39499,0970896374
DK050	22784000	16516000	578,839	39361,5495845995
EE001	9599000	13595000	523,277	18344,0128268584
EE004	1326000	1879000	161,078	8232,0366530501
EE006	1016000	1439000	140,267	7243,3287943707
EE007	1312000	1858000	170,719	7685,1434228176
EE008	2853000	4041000	345,594	8255,3516554107
ES111	24409000	26474000	1120,058	21792,6214535319
ES112	6630000	7191000	347,343	19087,760513383
ES113	5811000	6302000	328,804	17673,142662498
ES114	19406000	21048000	938,873	20669,4622169346
ES120	23752000	25762000	1059,136	22425,8263339175
ES130	13898000	15074000	570,613	24356,2624756183
ES211	10829000	11746000	306,527	35328,0461427541
ES212	22156000	24031000	691,839	32024,7918952242
ES213	34999000	37960000	1140,373	30690,8353670246
ES220	18492000	20057000	606,234	30503,0730707944
ES230	8042000	8723000	311,773	25794,4081110295
ES241	5536000	6004000	220,388	25119,3349910158
ES242	3730000	4046000	144,904	25741,1803676917
ES243	24827000	26928000	932,289	26630,1543834583
ES300	193172000	209518000	6189,297	31210,6528415101
ES411	3450000	3742000	168,473	20478,0587987393
ES412	10185000	11047000	363,972	27982,9217632126
ES413	10600000	11497000	484,082	21897,1166042117
ES414	4097000	4444000	171,122	23941,9829127757
ES415	6881000	7463000	347,441	19804,8013907397
ES416	3802000	4124000	160,134	23742,6155594689
ES417	2098000	2275000	92,892	22585,3679541834
ES418	13284000	14408000	518,942	25598,2364117763
ES419	3769000	4088000	194,802	19347,8506380838
ES421	6853000	7433000	392,779	17447,470460488
ES422	9400000	10196000	511,149	18389,9410934972
ES423	3857000	4184000	212,993	18108,5763381895
ES424	4567000	4953000	225,858	20220,6696242772
ES425	12203000	13236000	634,817	19222,8626517563
ES431	11353000	12313000	672,029	16893,6161981105
ES432	6835000	7413000	406,879	16798,6059737662
ES511	150530000	163268000	5342,884	28173,9225481968
ES512	19538000	21191000	709,15	27551,2938024395
ES513	11867000	12871000	420,021	28253,3492373
ES514	20889000	22656000	765,996	27270,3773910047
ES521	36331000	39405000	1838,972	19756,1463687321
ES522	14110000	15304000	575,349	24524,2452841667
ES523	55460000	60153000	2478,154	22379,5615607424
ES531	3182000	3451000	126,491	25155,9399482967
ES532	21574000	23400000	829,468	26009,4421966851
ES533	2457000	2665000	89,049	27591,5507192669
ES611	14321000	15532000	661,795	21639,6316079753
ES612	22589000	24500000	1198,734	18844,0471363956
ES613	12923000	14017000	783,186	16500,5503162723
ES614	15552000	16868000	893,68	17402,2021305165
ES615	9838000	10670000	496,265	19824,0859218361
ES616	10146000	11004000	654,354	15505,3686536645
ES617	28525000	30938000	1528,851	18657,8024935066
ES618	35117000	38089000	1829,266	19197,3173939711
ES620	28182000	30567000	1411,623	19964,2539119864
ES630	1630000	1768000	71,989	22642,3481365209
ES640	1507000	1635000	69,699	21621,5440680641
ES703	181000	196000	10,151	17830,7555905822
ES704	2355000	2554000	93,509	25184,7415756772
ES705	17691000	19188000	825,334	21434,9584531838
ES706	394000	427000	22,487	17521,2344910393
ES707	1396000	1515000	86,177	16199,2178887638
ES708	3159000	3426000	134,918	23414,2219718644
ES709	17759000	19262000	868,892	20438,6736211175
FI131	3971000	3370000	157,862	25154,8821122246
FI132	7023000	5960000	248,872	28219,3255970941
FI133	4167000	3536000	166,744	24990,4044523341
FI134	2058000	1747000	83,779	24564,6283674907
FI181	65569000	55645000	1388,964	47207,1270385698
FI182	3594000	3050000	94,755	37929,3968656008
FI183	15496000	13151000	459,235	33743,0727187605
FI184	4988000	4233000	171,449	29093,1997270325
FI185	5579000	4735000	200,061	27886,4946191412
FI186	5411000	4592000	183,564	29477,4574535312
FI187	4107000	3486000	134,716	30486,3564832685
FI193	7897000	6702000	270,701	29172,4079334764
FI194	5177000	4394000	193,815	26711,0388772799
FI195	5942000	5043000	174,987	33956,8082200392
FI196	6864000	5825000	228,431	30048,4610232411
FI197	16143000	13700000	476,631	33868,9678178717
FI1A1	2115000	1794000	70,964	29803,8442026943
FI1A2	12050000	10226000	383,411	31428,4149385385
FI1A3	5341000	4532000	184,39	28965,7790552633
FI200	1156000	981000	27,153	42573,564615328
FR101	189778000	166874000	2211,297	85822,031142809
FR102	34262000	30127000	1303,702	26280,5457075313
FR103	46559000	40940000	1406,053	33113,2610221663
FR104	38426000	33788000	1205,85	31866,3183646391
FR105	124907000	109832000	1549,619	80604,97451309
FR106	46871000	41214000	1506,466	31113,2146361086
FR107	43945000	38642000	1310,876	33523,384362823
FR108	33582000	29530000	1165,397	28815,9313950525
FR211	6315000	5553000	284,197	22220,5019757422
FR212	7935000	6977000	301,327	26333,5180717294
FR213	18671000	16417000	566,01	32987,0496987686
FR214	4453000	3916000	186,47	23880,5169732397
FR221	11781000	10360000	538,79	21865,6619462128
FR222	19840000	17445000	799,725	24808,5279314764
FR223	13900000	12222000	568,086	24468,12630482
FR231	13124000	11540000	577,087	22741,8049618168
FR232	37152000	32668000	1248,58	29755,4021368274
FR241	7728000	6796000	313,251	24670,3123054675
FR242	10086000	8869000	423,559	23812,5030987418
FR243	5274000	4638000	232,004	22732,366683333
FR244	15959000	14033000	585,406	27261,4219874754
FR245	8010000	7044000	326,599	24525,4884430142
FR246	20154000	17722000	650,769	30969,5145281966
FR251	17621000	15494000	678,303	25978,0658496277
FR252	11706000	10293000	496,937	23556,305930128
FR253	6659000	5855000	292,282	22782,7919611882
FR261	16272000	14309000	521,608	31195,8405545927
FR262	5020000	4414000	220,653	22750,6537413949
FR263	13685000	12033000	553,968	24703,5929873206
FR264	8360000	7351000	342,359	24418,8118320243
FR301	68406000	60151000	2564,959	26669,4321429699
FR302	31005000	27263000	1459,531	21243,1253601328
FR411	18531000	16295000	729,768	25393,001611471
FR412	4134000	3635000	194,218	21285,3597503836
FR413	25785000	22673000	1042,23	24740,2204887597
FR414	8942000	7863000	380,145	23522,6032171934
FR421	32778000	28822000	1091,015	30043,583268791
FR422	19402000	17060000	746,072	26005,5329780504
FR431	14057000	12361000	522,685	26893,8270660149
FR432	6194000	5446000	260,74	23755,4652143898
FR433	4949000	4352000	238,548	20746,3487432299
FR434	3829000	3367000	141,958	26972,7665929359
FR511	38509000	33862000	1255,871	30663,1811706776
FR512	19268000	16943000	774,823	24867,6149262477
FR513	8102000	7124000	302,983	26740,7742348581
FR514	14356000	12623000	559,587	25654,6345787161
FR515	16236000	14276000	616,906	26318,4342509232
FR521	13439000	11817000	581,57	23108,1383152501
FR522	23640000	20787000	890,509	26546,6154749699
FR523	29148000	25630000	967,588	30124,3917865869
FR524	17430000	15327000	710,034	24548,1202308622
FR531	9088000	7991000	351,581	25848,9508818736
FR532	14257000	12536000	611,714	23306,6433006274
FR533	9874000	8682000	365,059	27047,6827033438
FR534	10674000	9386000	424,354	25153,5274794158
FR611	8605000	7567000	409,388	21019,1798489453
FR612	43433000	38191000	1421,276	30559,1595158154
FR613	9206000	8095000	373,142	24671,5727524642
FR614	7404000	6511000	326,399	22683,893026633
FR615	18467000	16238000	647,42	28523,9875196936
FR621	3153000	2772000	150,201	20991,8708930034
FR622	6654000	5851000	275,889	24118,395441645
FR623	41026000	36074000	1217,344	33701,2381052521
FR624	3881000	3413000	185,266	20948,2581801302
FR625	3973000	3493000	172,796	22992,4303803329
FR626	5799000	5099000	229,079	25314,4111856608
FR627	8106000	7128000	371,738	21805,6803447589
FR628	5121000	4503000	235,915	21706,9707309836
FR631	6104000	5367000	242,896	25130,0968315658
FR632	2491000	2190000	123,907	20103,7875180579
FR633	9387000	8254000	373,94	25102,9576937477
FR711	14543000	12788000	581,355	25015,6960893086
FR712	6412000	5638000	311,452	20587,4420456443
FR713	13372000	11758000	478,069	27970,8577632099
FR714	34650000	30468000	1188,66	29150,4719600222
FR715	18599000	16355000	742,076	25063,4705879182
FR716	65405000	57512000	1690,498	38689,7825374535
FR717	13452000	11828000	408,842	32902,6861232457
FR718	20891000	18369000	716,277	29166,0907721454
FR721	7994000	7029000	342,807	23319,2437727351
FR722	3174000	2791000	148,737	21339,6801064967
FR723	4750000	4176000	221,834	21412,4074758603
FR724	18014000	15840000	628,485	28662,5774680382
FR811	7790000	6850000	349,237	22305,7694345101
FR812	15715000	13819000	694,323	22633,5581566504
FR813	26490000	23293000	1019,798	25975,7324489752
FR814	1785000	1570000	76,973	23189,94972263
FR815	10050000	8837000	441,387	22769,1345689837
FR821	3659000	3217000	157,965	23163,3589719242
FR822	3729000	3279000	134,205	27785,8500055885
FR823	33370000	29342000	1084,428	30771,9830177753
FR824	60126000	52870000	1966,005	30582,8316815064
FR825	25204000	22163000	1001,408	25168,5626637694
FR826	14176000	12465000	538,902	26305,3393752482
FR831	3626000	3189000	140,953	25724,8870190773
FR832	3613000	3177000	162,013	22300,6795750958
FR910	8747000	7691000	401,784	21770,4039981682
FR920	8609000	7570000	397,693	21647,3510974546
FR930	3145000	2765000	219,266	14343,3090401613
FR940	14544000	12789000	808,25	17994,432415713
GR111	2370000	2638000	148,731	15934,8084797386
GR112	1583000	1762000	106,61	14848,5132726761
GR113	1514000	1686000	111,2	13615,1079136691
GR114	1442000	1605000	100,238	14385,7618867096
GR115	2145000	2388000	139,905	15331,832314785
GR121	2401000	2672000	144,185	16652,2176370635
GR122	23139000	25757000	1144,052	20225,4792614322
GR123	1549000	1724000	86,086	17993,634272704
GR124	2302000	2563000	145,075	15867,654661382
GR125	1915000	2132000	128,182	14939,6951209998
GR126	2349000	2614000	187,831	12505,9228774803
GR127	1803000	2008000	100,249	17985,2168101427
GR131	519000	578000	31,345	16557,6646993141
GR132	1147000	1276000	53,65	21379,3103448276
GR133	3008000	3349000	154,317	19492,3436821607
GR134	890000	991000	54,207	16418,5437305145
GR141	1587000	1767000	115,824	13701,8234562785
GR142	5221000	5812000	285,845	18265,1436967587
GR143	4047000	4505000	203,914	19846,6019988819
GR144	2050000	2282000	130,496	15709,2937714566
GR211	901000	1003000	70,851	12716,8282734189
GR212	722000	804000	42,625	16938,4164222874
GR213	3263000	3633000	181,026	18025,0350778341
GR214	940000	1046000	57,284	16409,4686125271
GR221	1031000	1148000	40,293	25587,5710421165
GR222	2458000	2737000	128,117	19185,5881733103
GR223	743000	827000	37,935	19586,1341768815
GR224	414000	461000	22,227	18625,9954109866
GR231	3214000	3578000	217,697	14763,6393703175
GR232	6668000	7422000	341,784	19509,3977482855
GR233	2240000	2493000	179,474	12480,9164558655
GR241	3929000	4373000	125,309	31354,4916965262
GR242	4185000	4658000	206,382	20277,9312149315
GR243	266000	296000	19,492	13646,6242561051
GR244	3476000	3869000	166,298	20902,235745469
GR245	674000	751000	37,588	17931,2546557412
GR251	1946000	2166000	102,499	18985,5510785471
GR252	1981000	2206000	88,099	22486,066811201
GR253	3279000	3650000	145,968	22463,8276882604
GR254	1339000	1491000	92,741	14438,0586795484
GR255	2684000	2988000	164,071	16358,7715074571
GR300	103334000	115026000	4061,326	25443,4142937553
GR411	1832000	2039000	105,957	17290,0327491341
GR412	746000	831000	42,603	17510,5039551205
GR413	1000000	1114000	51,957	19246,6847585503
GR421	4794000	5336000	195,098	24572,2662456817
GR422	3022000	3364000	110,868	27257,6397156979
GR431	6692000	7449000	299,689	22329,8152418007
GR432	1657000	1844000	75,411	21972,9217222952
GR433	1541000	1715000	80,766	19079,8108114801
GR434	2965000	3300000	150,408	19713,0471783416
HR011	14621000	21569000	787,024	18577,5783203562
HR012	2627000	3875000	326,062	8056,7499432623
HR013	1011000	1491000	137,406	7357,7573031745
HR014	1700000	2508000	181,117	9386,1978720937
HR015	1168000	1724000	120,399	9701,0772514722
HR016	1057000	1559000	117,991	8958,3103796052
HR021	1037000	1530000	126,155	8220,0467678649
HR022	661000	975000	88,657	7455,7000575251
HR023	557000	822000	82,846	6723,3179634503
HR024	1073000	1584000	173,919	6169,5386932998
HR025	2844000	4196000	321,474	8846,7496593815
HR026	1318000	1944000	198,624	6635,6532946673
HR027	1127000	1663000	134,007	8410,0084323953
HR028	1470000	2168000	175,162	8392,2311916968
HR031	3864000	5700000	304,846	12675,2524225347
HR032	492000	726000	50,9	9666,0117878193
HR033	1580000	2331000	174,011	9079,8857543489
HR034	932000	1375000	114,422	8145,2867455559
HR035	4058000	5986000	481,521	8427,4621459916
HR036	2826000	4168000	213,493	13236,9679567948
HR037	1344000	1982000	126,365	10635,8564475923
HU101	40114000	61145000	1702,297	23564,6306138118
HU102	11094000	16910000	1195,02	9283,5266355375
HU211	4234000	6453000	428,572	9879,3201609065
HU212	3495000	5328000	314,649	11107,6151521219
HU213	2799000	4266000	361,62	7740,1692384271
HU221	5329000	8124000	444,384	11991,8808958018
HU222	2417000	3684000	261,877	9229,5237840666
HU223	2547000	3882000	291,678	8732,2321189805
HU231	2999000	4571000	396,633	7561,1459460005
HU232	2141000	3263000	325,024	6587,2058678744
HU233	1803000	2748000	238,431	7561,9361576305
HU311	4713000	7183000	709,634	6641,4517906414
HU312	2315000	3529000	316,874	7305,7429767037
HU313	1007000	1534000	210,182	4791,08582086
HU321	4075000	6212000	543,802	7493,5362503264
HU322	2734000	4167000	399,2	6848,6973947896
HU323	3127000	4767000	571,018	5476,1846386629
HU331	3780000	5761000	533,71	7082,4979857975
HU332	2309000	3519000	376,657	6130,245820468
HU333	3342000	5094000	424,139	7879,4923362388
IE011	14178000	11646000	489,964	28936,8198479888
IE012	7133000	5859000	265,44	26872,3628691983
IE013	12487000	10256000	423,876	29459,0870915079
IE021	71965000	59111000	1212,348	59360,0187404937
IE022	16180000	13290000	512,171	31591,0115957366
IE023	12589000	10340000	370,235	34002,7279970829
IE024	14882000	12224000	485,614	30645,7392085072
IE025	30575000	25114000	641,687	47647,8407697211
IS001	6448000	6103000	197,945	32574,7050948496
IS002	3828000	3623000	117,514	32574,8421464677
ITC11	66114000	65502000	2277,686	29026,8281053666
ITC12	5268000	5219000	177,367	29701,1281692761
ITC13	5317000	5267000	187,491	28358,6945506718
ITC14	3963000	3927000	162,333	24412,7811350742
ITC15	10400000	10304000	361,904	28736,9026040055
ITC16	18023000	17856000	580,513	31046,6776799141
ITC17	5649000	5597000	218,081	25903,2194459857
ITC18	12280000	12167000	435,891	28172,1806598439
ITC20	3883000	3847000	125,979	30822,5974170298
ITC31	5741000	5688000	219,383	26168,8462642958
ITC32	7953000	7879000	285,066	27898,8023826061
ITC33	24762000	24532000	883,778	28018,3484992838
ITC34	5675000	5623000	221,595	25609,7836142512
ITC41	26663000	26416000	863,099	30892,1688010298
ITC42	16902000	16746000	578,175	29233,3636009859
ITC43	10161000	10067000	331,607	30641,6933297548
ITC44	5591000	5540000	181,338	30831,9271195227
ITC45	148756000	147378000	3906,726	38076,8961017486
ITC46	35103000	34778000	1059,593	33128,7579287519
ITC47	40117000	39745000	1211,617	33110,2980562339
ITC48	14820000	14683000	530,969	27911,2339891783
ITC49	6071000	6014000	219,67	27636,90991032
ITC4A	10514000	10417000	355,947	29538,1053920949
ITC4B	13524000	13399000	403,665	33503,0285013563
ITD10	17155000	16996000	493,91	34733,0485311089
ITD20	16007000	15859000	513,357	31181,0299655016
ITD31	27935000	27676000	896,316	31166,4636132792
ITD32	27121000	26870000	852,242	31823,1206629103
ITD33	6697000	6635000	213,612	31351,2349493474
ITD34	26244000	26001000	869,534	30181,6835224385
ITD35	26236000	25993000	844,606	31063,0045251869
ITD36	28258000	27996000	909,775	31060,4270286609
ITD37	6894000	6830000	246,255	27995,3706523725
ITD41	9122000	9037000	307,664	29649,2277289511
ITD42	15803000	15657000	535,992	29483,6490096867
ITD43	3754000	3720000	141,948	26446,3042804407
ITD44	7498000	7429000	236,457	31709,782328288
ITD51	8574000	8495000	281,616	30445,7133117437
ITD52	13723000	13596000	425,702	32236,1652047677
ITD53	16108000	15959000	510,124	31576,6362688288
ITD54	23725000	23505000	677,672	35009,5621480598
ITD55	33573000	33262000	964,074	34824,0902669297
ITD56	9879000	9787000	355,809	27764,8963348313
ITD57	11443000	11337000	379,468	30155,3754203253
ITD58	12360000	12245000	383,043	32267,9177011458
ITD59	9291000	9205000	298,294	31147,1233078775
ITE11	4710000	4666000	202,435	23266,7275915726
ITE12	11363000	11258000	387,058	29357,3572952891
ITE13	7634000	7563000	287,415	26560,8962649827
ITE14	31187000	30898000	977,088	31918,3123730923
ITE15	6949000	6885000	245,742	28277,6245004924
ITE16	9136000	9052000	339,34	26922,8502386987
ITE17	11868000	11758000	405,883	29239,9533855816
ITE18	9417000	9330000	342,367	27505,5715065996
ITE19	7827000	7755000	266,291	29392,6569054155
ITE1A	5973000	5917000	223,429	26733,3246803235
ITE21	16372000	16220000	653,802	25041,2204306503
ITE22	5481000	5430000	230,648	23763,4837501301
ITE31	10136000	10043000	376,321	26934,4522362557
ITE32	14073000	13943000	470,716	29897,0079623382
ITE33	8249000	8173000	319,65	25806,3506960738
ITE34	9221000	9136000	386,376	23865,3539557322
ITE41	7370000	7302000	310,65	23724,4487365202
ITE42	3646000	3612000	156,796	23253,1442128626
ITE43	137890000	136613000	4061,543	33950,1514572171
ITE44	13332000	13208000	537,213	24816,9720390236
ITE45	11878000	11768000	494,815	24004,9311358791
ITF11	6535000	6475000	307,643	21242,1540551873
ITF12	6647000	6586000	306,067	21717,467090539
ITF13	6848000	6785000	315,825	21682,8940077575
ITF14	8694000	8613000	394,452	22040,7045724195
ITF21	1751000	1735000	89,127	19646,1229481526
ITF22	4757000	4713000	231,711	20529,8842092089
ITF31	14103000	13973000	897,82	15708,0483838631
ITF32	4896000	4850000	288,832	16951,0303567472
ITF33	49729000	49268000	3083,06	16129,7542052377
ITF34	7802000	7730000	439,049	17770,2261023257
ITF35	19790000	19607000	1102,629	17948,0133390288
ITF41	10588000	10490000	682,456	15514,5533191883
ITF42	28588000	28323000	1599,378	17874,448691929
ITF43	10203000	10108000	580,497	17576,3182238668
ITF44	6568000	6507000	402,985	16298,3733885877
ITF45	13598000	13472000	811,23	16762,2006089518
ITF51	7566000	7496000	387,195	19540,5415875722
ITF52	3842000	3806000	203,806	18851,2605124481
ITF61	12552000	12436000	732,072	17145,8545061142
ITF62	2476000	2453000	172,849	14324,6417393216
ITF63	6739000	6676000	367,655	18329,6840788239
ITF64	2539000	2516000	167,757	15134,9869155982
ITF65	8958000	8875000	567,374	15788,5274968539
ITG11	6886000	6823000	435,974	15794,5198566887
ITG12	21754000	21553000	1243,385	17495,7877085537
ITG13	11369000	11264000	654,032	17382,9415074492
ITG14	6642000	6581000	455,55	14580,1778070464
ITG15	4553000	4511000	272,57	16703,9659537
ITG16	2670000	2645000	173,723	15369,2947968893
ITG17	17946000	17780000	1081,915	16587,2550061696
ITG18	5557000	5505000	311,77	17824,0369503159
ITG19	7160000	7093000	400,764	17865,8761765029
ITG25	6332000	6273000	334,656	18920,9217823676
ITG26	3142000	3112000	161,684	19432,9680116771
ITG27	12630000	12513000	557,679	22647,4369664269
ITG28	2995000	2968000	167,941	17833,6439582949
ITG29	3582000	3548000	151,346	23667,6225337967
ITG2A	1010000	1001000	58,019	17408,0904531274
ITG2B	1508000	1494000	103,436	14579,063382188
ITG2C	1984000	1966000	130,856	15161,7044690347
LI000	3454000	2759000	35,356	97692,0466116076
LT001	1108000	1762000	177,04	6258,4726615454
LT002	6247000	9936000	673,706	9272,5907146441
LT003	3676000	5846000	378,843	9703,2279862634
LT004	1050000	1670000	181,219	5794,0944382212
LT005	1943000	3091000	284,235	6835,892835154
LT006	2375000	3777000	349,876	6788,1192193806
LT007	572000	909000	127,378	4490,5713702523
LT008	1346000	2141000	173,383	7763,1601714124
LT009	1324000	2105000	172,58	7671,8043805771
LT00A	12645000	20111000	848,097	14909,8511137287
LU000	39640000	34176000	483,799	81934,853110486
LV003	2407000	3345000	303,618	7927,7249701928
LV005	1937000	2692000	348,271	5561,7608127005
LV006	12476000	17337000	717,371	17391,2801047157
LV007	2932000	4075000	380,347	7708,7501676101
LV008	1520000	2112000	237,803	6391,8453509838
LV009	1765000	2452000	283,484	6226,1009439686
MK001	490000	1280000	153,929	3183,2858005964
MK002	509000	1329000	180,422	2821,1637161765
MK003	544000	1421000	222,221	2448,0134640741
MK004	471000	1230000	172,238	2734,5881861146
MK005	798000	2083000	235,141	3393,7084557776
MK006	484000	1264000	312,106	1550,7551921463
MK007	346000	902000	174,139	1986,9184961439
MK008	3049000	7960000	594,981	5124,5333884612
MT001	5474000	7578000	379	14443,27176781
MT002	324000	448000	31,29	10354,7459252157
NL111	3167000	2922000	153,063	20690,8266530775
NL112	1810000	1670000	50,147	36093,8839810956
NL113	25902000	23902000	370,249	69958,325343215
NL121	10476000	9667000	330,764	31672,128768548
NL122	2694000	2486000	105,564	25520,0636580652
NL123	5974000	5513000	206,861	28879,2957589879
NL131	5020000	4633000	187,899	26716,4806624836
NL132	4776000	4407000	171,345	27873,5883743325
NL133	3892000	3591000	128,891	30196,057133547
NL211	12182000	11241000	349,296	34875,8645962164
NL212	4317000	3983000	151,706	28456,3563735119
NL213	18785000	17334000	618,992	30347,7266265154
NL221	21198000	19561000	648,368	32694,3957752388
NL224	7200000	6644000	401,766	17920,8793178119
NL225	10999000	10149000	699,966	15713,6203758468
NL226	21246000	19605000	233,769	90884,5911990042
NL230	10574000	9757000	378,688	27922,7226635119
NL310	51341000	47375000	1201,35	42736,0885670288
NL321	9503000	8769000	366,561	25924,7437670674
NL322	6782000	6258000	228,864	29633,3193512304
NL323	6415000	5920000	190,194	33728,7190973427
NL324	5909000	5453000	217,327	27189,4426371321
NL325	4465000	4120000	158,764	28123,5040689325
NL326	67781000	62545000	1222,305	55453,4261088681
NL327	8091000	7466000	242,148	33413,4496258487
NL331	12260000	11313000	386,818	31694,49198331
NL332	30485000	28130000	784,405	38863,852219198
NL333	8790000	8111000	212,918	41283,4988117491
NL334	9628000	8884000	325,539	29575,5654468435
NL335	54731000	50503000	1351,579	40494,1183608209
NL336	13574000	12525000	400,176	33920,0751669266
NL341	4575000	4221000	107,337	42622,7675452081
NL342	8146000	7517000	273,248	29811,7461061014
NL411	23837000	21996000	609,544	39106,2827293846
NL412	14111000	13021000	454,213	31066,9223470046
NL413	22564000	20821000	631,183	35748,7448172717
NL414	27159000	25061000	729,887	37209,8694729458
NL421	8874000	8189000	278,818	31827,2134510684
NL422	7196000	6640000	234,019	30749,6399864968
NL423	19795000	18266000	610,868	32404,7093643799
NO011	51895000	38253000	560,484	92589,618972174
NO012	22498000	16584000	518,567	43384,943507782
NO021	6698000	4937000	189,289	35385,0461463688
NO022	6641000	4895000	183,637	36163,7360662612
NO031	9705000	7154000	265,458	36559,4557331103
NO032	10321000	7608000	251,22	41083,5124591991
NO033	8481000	6252000	226,433	37454,7879505196
NO034	6903000	5088000	166,731	41402,0188207352
NO041	3838000	2829000	106,13	36163,1960802789
NO042	7642000	5633000	165,944	46051,6800848479
NO043	22176000	16347000	412,687	53735,6398432711
NO051	23480000	17308000	462,674	50748,475168261
NO052	4390000	3236000	106,259	41314,1475075052
NO053	11395000	8400000	246,772	46176,2274488192
NO061	12847000	9470000	282,993	45396,8826084037
NO062	4236000	3122000	129,856	32620,7491375062
NO071	9047000	6669000	234,996	38498,5276345129
NO072	5739000	4230000	154,642	37111,5220961964
NO073	2647000	1951000	72,399	36561,2784706971
PL113	8854000	13098000	753,192	11755,3027647665
PL114	3060000	4527000	376,075	8136,6748653859
PL115	4963000	7342000	598,945	8286,2366327459
PL116	3123000	4620000	454,127	6876,9309025889
PL117	2623000	3881000	373,559	7021,6485213848
PL121	6284000	9295000	625,092	10052,9202101451
PL122	5263000	7786000	748,689	7029,6211110354
PL127	48075000	71117000	1706,624	28169,6495537388
PL128	4254000	6292000	622,599	6832,6483017159
PL129	5831000	8626000	749,044	7784,5894233183
PL12A	8350000	12352000	736,44	11338,3303459888
PL213	11177000	16535000	756,583	14772,9991289786
PL214	4286000	6340000	668,479	6411,5701465566
PL215	4322000	6393000	761,996	5671,9457844923
PL216	4490000	6643000	632,336	7100,6553477898
PL217	2714000	4015000	459,642	5904,5953154847
PL224	4288000	6344000	532,626	8050,6772106506
PL225	6083000	8999000	649,695	9362,8548780582
PL227	5908000	8739000	637,006	9274,6379154985
PL228	3467000	5129000	457,978	7570,2326312618
PL229	5170000	7648000	500,945	10320,4942658376
PL22A	10545000	15599000	771,521	13667,8068386991
PL22B	7107000	10514000	721,377	9851,9913997813
PL22C	5252000	7769000	382,967	13713,9753555789
PL311	1721000	2546000	308,517	5578,2987647358
PL312	3690000	5459000	650,952	5668,6207277956
PL314	6005000	8883000	714,276	8407,114336755
PL315	2887000	4270000	492,468	5862,3098353599
PL323	2823000	4176000	480,895	5870,3043283877
PL324	2175000	3218000	395,349	5501,4683229248
PL325	4515000	6679000	607,187	7435,929952387
PL326	4281000	6333000	613,907	6973,3689304732
PL331	6362000	9412000	777,918	8178,2398658985
PL332	3343000	4945000	497,632	6717,8155745611
PL343	4155000	6146000	503,69	8249,1214834521
PL344	2385000	3528000	412,182	5786,2788768069
PL345	1753000	2593000	276,788	6333,367053485
PL411	3023000	4471000	407,192	7424,0161889232
PL414	4667000	6904000	650,368	7175,9373154891
PL415	10680000	15799000	560,932	19039,7410024745
PL416	4936000	7302000	666,968	7400,6549039834
PL417	4324000	6397000	541,323	7987,8372062521
PL418	6102000	9026000	560,099	10894,5025790084
PL422	4588000	6787000	591,964	7750,4713124447
PL423	2287000	3383000	375,124	6096,6507074994
PL424	5000000	7396000	407,811	12260,5814948591
PL425	2753000	4073000	317,372	8674,3632078444
PL431	3161000	4676000	381,834	8278,4665587664
PL432	5084000	7521000	626,647	8113,0205681987
PL514	9262000	13702000	632,93	14633,5297742246
PL515	4339000	6419000	579,646	7485,6032820032
PL516	6428000	9510000	448,586	14329,4708261069
PL517	4993000	7387000	680,111	7341,4486752898
PL518	4456000	6592000	537,137	8295,8351407555
PL521	2496000	3692000	409,735	6091,7422236324
PL522	5865000	8676000	627,353	9348,8036241159
PL613	8094000	11973000	759,19	10661,3627682135
PL614	3466000	5127000	529,476	6546,0946294072
PL615	5459000	8075000	777,47	7021,4927907186
PL621	3534000	5228000	529,864	6669,6359820633
PL622	4825000	7138000	612,524	7877,2423611157
PL623	1719000	2543000	283,767	6057,7868462506
PL631	3551000	5253000	478,345	7423,5123185149
PL633	9582000	14175000	745,113	12859,7944204436
PL634	3290000	4868000	498,36	6601,6534232282
PL635	3603000	5330000	489,102	7366,561576113
PT111	2604000	3132000	251,676	10346,6361512421
PT112	5087000	6118000	411,327	12367,2892856535
PT113	6157000	7406000	524,057	11748,7219901652
PT114	21796000	26216000	1281,424	17009,202262483
PT115	4902000	5896000	560,672	8743,079732892
PT116	3692000	4441000	287,665	12834,3733161838
PT117	2032000	2443000	212,17	9577,2258094924
PT118	2159000	2597000	216,245	9984,045873893
PT150	7635000	9184000	426,386	17906,3102447078
PT161	5962000	7171000	399,607	14919,6585645397
PT162	5099000	6134000	332,355	15342,0288546885
PT163	4386000	5275000	267,223	16413,2578408296
PT164	1360000	1636000	137,636	9881,1357493679
PT165	3483000	4189000	291,516	11947,8862223686
PT166	413000	497000	41,074	10055,0226420607
PT167	390000	469000	47,904	8141,2825651303
PT168	1175000	1413000	110,151	10667,1750596908
PT169	1016000	1222000	73,923	13744,0309511248
PT16A	981000	1180000	91,35	10738,9162561576
PT16B	4685000	5636000	361,868	12946,7098500006
PT16C	3008000	3618000	231,304	13004,530833881
PT171	54247000	65247000	2025,628	26780,3367646972
PT172	9370000	11270000	782,786	11970,0658928494
PT181	1945000	2339000	96,169	20224,812569539
PT182	1545000	1859000	118,066	13085,901106161
PT183	2326000	2798000	169,863	13693,3882010797
PT184	1970000	2369000	127,581	15441,170707237
PT185	3606000	4338000	249,254	14467,1700353856
PT200	3704000	4455000	244,006	15179,9545912805
PT300	5289000	6361000	246,689	21439,9507071657
RO111	3734000	6715000	593,897	6287,2855057359
RO112	1551000	2789000	316,869	4894,7672381962
RO113	5421000	9748000	692,021	7833,577304735
RO114	2177000	3915000	512,56	4247,3076322772
RO115	1649000	2965000	365,975	4505,772252203
RO116	1198000	2154000	242,854	4933,005015359
RO121	2392000	4301000	374,727	6383,3137190541
RO122	4565000	8208000	596,467	7653,3990983575
RO123	1084000	1949000	223,208	4856,4567578223
RO124	1628000	2928000	325,682	4998,7411032848
RO125	2945000	5296000	581,4	5065,3594771242
RO126	3050000	5484000	423,144	7207,9481216796
RO211	3277000	5893000	719,655	4553,5708082345
RO212	1477000	2656000	453,958	3253,6049590491
RO213	4089000	7353000	818,929	4993,1068505328
RO214	2045000	3678000	566,74	3608,3565656209
RO215	2667000	4796000	707,251	3770,9384645621
RO216	1360000	2445000	456,02	2982,3253366081
RO221	1874000	3369000	363,979	5148,6486857758
RO222	2088000	3754000	486,445	4292,3660434376
RO223	5643000	10147000	719,727	7840,4728459541
RO224	2953000	5310000	613,509	4813,295322481
RO225	1138000	2046000	249,779	4556,0275283351
RO226	1508000	2711000	392,317	3843,8303718677
RO311	4795000	8622000	644,487	7440,0259431145
RO312	1246000	2241000	314,081	3967,1294984415
RO313	2452000	4408000	531,441	4613,8705895857
RO314	995000	1790000	282,638	3520,4041919346
RO315	1274000	2291000	289,501	4400,6756453346
RO316	5470000	9835000	819,6	6673,9873108834
RO317	1611000	2897000	410,288	3926,5101587178
RO321	31820000	57214000	1943,981	16368,4727371307
RO322	3590000	6455000	298,021	12046,1309773472
RO411	3687000	6629000	710,669	5188,0692699414
RO412	2624000	4718000	380,061	6904,1548593515
RO413	1266000	2276000	296,609	4268,2454005104
RO414	1837000	3302000	473,128	3882,6702287753
RO415	1992000	3581000	410,309	4854,8776653693
RO421	3046000	5476000	457,318	6660,5731679051
RO422	1661000	2986000	326,067	5094,0450888928
RO423	2830000	5089000	470,103	6019,9573285004
RO424	6054000	10886000	673,212	8992,7095773694
SE110	97005000	82668000	1949,516	49758,5041620587
SE121	10274000	8756000	323,27	31781,4829708912
SE122	7964000	6787000	265,19	30031,2983144161
SE123	12680000	10806000	420,809	30132,435380422
SE124	8824000	7520000	276,067	31963,2552967214
SE125	7838000	6680000	249,193	31453,5320013002
SE211	11127000	9483000	333,61	33353,3167470999
SE212	6311000	5379000	180,787	34908,4834639659
SE213	7301000	6222000	233,834	31223,0043535157
SE214	1575000	1342000	57,122	27572,5639858548
SE221	4623000	3940000	151,9	30434,4963791968
SE224	38169000	32528000	1199,357	31824,5526561316
SE231	9301000	7926000	291,393	31919,0920852594
SE232	54491000	46437000	1547,298	35216,8748360044
SE311	8145000	6941000	273,826	29745,1666386684
SE312	9160000	7806000	275,618	33234,404139062
SE313	8422000	7177000	275,556	30563,6603811929
SE321	8231000	7014000	243,449	33809,9560893657
SE322	4142000	3530000	126,937	32630,3599423336
SE331	8167000	6960000	257,593	31705,0540969669
SE332	9505000	8100000	250,602	37928,6677680146
SI011	1442000	1783000	120,023	12014,3639135832
SI012	5050000	6246000	322,266	15670,2847957898
SI013	1028000	1271000	72,427	14193,6018335704
SI014	4273000	5285000	256,339	16669,332407476
SI015	540000	668000	44,716	12076,214330441
SI016	1062000	1314000	69,321	15320,0328904661
SI017	2406000	2975000	139,166	17288,7055746375
SI018	708000	875000	51,107	13853,2881992682
SI021	13479000	16669000	510,763	26389,9303590902
SI022	3113000	3850000	199,923	15570,9948330107
SI023	2098000	2595000	117,914	17792,6285258748
SI024	2105000	2604000	106,304	19801,700782661
SK010	16899000	25657000	610,85	27664,7294753213
SK021	7654000	11620000	557,151	13737,7479354789
SK022	6502000	9871000	599,831	10839,7198544257
SK023	7153000	10860000	706,758	10120,8617376811
SK031	7238000	10989000	695,698	10403,9396404762
SK032	5889000	8941000	654,668	8995,3991947063
SK041	5630000	8548000	801,939	7020,4841016586
SK042	7608000	11551000	774,103	9828,1494839834
TR100	137864000	229459000	12573,836	10964,3548714967
TR211	5748000	9567000	728,396	7891,3118688186
TR212	3570000	5942000	396,462	9004,6460947077
TR213	4234000	7047000	333,256	12704,9475478311
TR221	7167000	11929000	1118,313	6408,7603381164
TR222	3600000	5992000	476,128	7560,9920021507
TR310	32591000	54244000	3739,353	8715,6788888345
TR321	5647000	9399000	946,971	5963,2237946041
TR322	5326000	8865000	907,325	5870,0024798171
TR323	6997000	11646000	766,156	9132,6048480988
TR331	9695000	16136000	1319,92	7345,1421298261
TR332	3215000	5351000	701,572	4582,5660089057
TR333	3698000	6155000	583,91	6333,1677827062
TR334	1463000	2435000	334,115	4378,7318737561
TR411	23231000	38665000	2439,876	9521,3855130343
TR412	7679000	12781000	724,849	10593,930597959
TR413	2154000	3585000	203,777	10570,3784038434
TR421	20644000	34360000	1437,926	14356,7888750882
TR422	4310000	7174000	835,222	5160,3046854609
TR423	996000	1658000	323,328	3080,4631828979
TR424	3107000	5171000	270,417	11489,6622623578
TR425	1617000	2691000	181,758	8896,4447232034
TR510	42466000	70680000	4466,756	9507,12329037
TR521	10371000	17261000	1959,082	5293,8059764727
TR522	1456000	2423000	226,049	6441,0813584665
TR611	14456000	24060000	1789,295	8079,1596690317
TR612	2898000	4823000	419,845	6902,5473686718
TR613	1867000	3107000	251,181	7432,8870416154
TR621	10371000	17261000	2006,65	5168,3153514564
TR622	9534000	15868000	1595,938	5973,9162799557
TR631	6453000	10740000	1386,224	4655,0918177726
TR632	4710000	7839000	1004,414	4689,3014235166
TR633	1605000	2671000	452,88	3543,9851616322
TR711	2558000	4258000	280,234	9128,0858139983
TR712	952000	1585000	366,109	2600,3184843858
TR713	1525000	2538000	331,677	4597,8467002536
TR714	1603000	2668000	280,058	5723,8143527412
TR715	914000	1521000	223,17	4095,5325536587
TR721	6326000	10529000	1165,088	5429,6327831031
TR722	3444000	5732000	638,464	5394,1960705694
TR723	1935000	3221000	492,127	3931,9118845339
TR811	5114000	8512000	615,89	8303,4308074494
TR812	991000	1649000	218,463	4536,2372575677
TR813	548000	912000	182,131	3008,8233194788
TR821	1871000	3114000	360,366	5191,9437460804
TR822	880000	1465000	174,012	5057,122497299
TR823	918000	1528000	198,412	4626,7362861117
TR831	6097000	10148000	1228,959	4961,109361663
TR832	3431000	5711000	620,722	5527,4341814854
TR833	2974000	4950000	549,828	5408,9642579134
TR834	1583000	2635000	328,674	4816,3225566975
TR901	4320000	7190000	740,569	5833,3524627685
TR902	2731000	4545000	715,409	3817,3967618523
TR903	2356000	3921000	417,505	5643,0461910636
TR904	2023000	3367000	316,252	6396,7974906088
TR905	1172000	1951000	168,092	6972,3722723271
TR906	584000	972000	130,825	4463,9785973629
TRA11	3017000	5021000	784,941	3843,600984023
TRA12	1097000	1826000	213,538	5137,2589422023
TRA13	292000	486000	76,609	3811,5626101372
TRA21	1095000	1823000	530,879	2062,6169051705
TRA22	1034000	1721000	312,205	3311,9264585769
TRA23	531000	884000	181,866	2919,732110455
TRA24	405000	674000	112,721	3592,9418653135
TRB11	3196000	5319000	722,065	4426,1943176861
TRB12	2550000	4244000	541,258	4711,2467621726
TRB13	525000	874000	251,552	2087,0436331256
TRB14	378000	629000	84,022	4498,8217371641
TRB21	2609000	4342000	979,671	2663,1389517501
TRB22	900000	1498000	405,509	2219,4328609229
TRB23	861000	1433000	327,886	2625,9126647676
TRB24	684000	1138000	246,469	2775,1968807436
TRC11	5733000	9542000	1560,023	3674,9458181065
TRC12	1579000	2628000	582,762	2709,5109152622
TRC13	559000	930000	118,457	4719,0119621466
TRC21	3787000	6303000	1523,099	2486,3781014891
TRC22	4639000	7721000	1460,714	3175,8441419744
TRC31	2179000	3627000	745,778	2921,7810125802
TRC32	1745000	2904000	472,487	3693,2233056148
TRC33	714000	1188000	416,001	1716,342028024
TRC34	907000	1510000	291,528	3111,193435965
UKC11	6242000	6065000	279,87	22303,2122056669
UKC12	5926000	5758000	277,87	21326,5195954943
UKC13	2810000	2731000	99,823	28149,8251905873
UKC14	9322000	9057000	503,451	18516,2011794594
UKC21	5647000	5486000	310,59	18181,5254837567
UKC22	22152000	21524000	812,963	27248,472562712
UKC23	6903000	6707000	280,975	24568,0220660201
UKD11	4979000	4838000	235,213	21168,0476844392
UKD12	6509000	6325000	261,116	24927,618376507
UKD21	10774000	10468000	314,088	34302,4884745676
UKD22	21552000	20940000	687,82	31333,779186415
UKD31	46512000	45192000	1400,85	33202,698361709
UKD32	21687000	21072000	1171,87	18506,3189602942
UKD41	3160000	3070000	139,491	22653,7912840255
UKD42	2315000	2249000	141,183	16397,1582980954
UKD43	28311000	27508000	1165,72	24286,2780084411
UKD51	6333000	6154000	326,394	19402,9302009228
UKD52	12523000	12167000	441,852	28342,0692901696
UKD53	4469000	4342000	274,616	16273,6330002622
UKD54	5075000	4931000	308,683	16440,8146869118
UKE11	6191000	6016000	260,296	23784,4607677413
UKE12	6452000	6269000	334,979	19260,9088927963
UKE13	8137000	7907000	317,289	25645,3895344623
UKE21	5772000	5608000	193,703	29798,1962075962
UKE22	15229000	14797000	591,344	25753,1994913282
UKE31	14952000	14528000	766,294	19512,093269685
UKE32	14054000	13655000	537,471	26148,3875409092
UKE41	11093000	10779000	498,811	22238,8840663097
UKE42	26039000	25300000	775,717	33567,6541831622
UKE43	20877000	20284000	923,706	22601,3471818955
UKF11	7739000	7519000	242,458	31918,9302889573
UKF12	5411000	5258000	272,774	19836,9346052043
UKF13	10294000	10002000	483,472	21291,8224840322
UKF14	11040000	10727000	294,447	37494,0142028956
UKF15	9982000	9699000	438,246	22777,1616854461
UKF16	6680000	6491000	333,07	20055,8441168523
UKF21	8709000	8462000	302,32	28807,2241333686
UKF22	19281000	18734000	676,963	28481,6156865294
UKF23	20390000	19811000	675,861	30168,9252671777
UKF30	14695000	14278000	693,594	21186,746136789
UKG11	4179000	4061000	178,612	23397,0841824737
UKG12	12700000	12339000	554,356	22909,4661192447
UKG13	16223000	15763000	531,226	30538,7913995173
UKG21	4645000	4513000	161,51	28759,8291127484
UKG22	6191000	6015000	289,692	21370,973309584
UKG23	5135000	4989000	238,732	21509,4750598998
UKG24	18171000	17656000	825,604	22009,3410400143
UKG31	28969000	28147000	1015,466	28527,7892120465
UKG32	6803000	6610000	203,572	33418,1518086967
UKG33	8449000	8209000	308,484	27388,7786724757
UKG34	12552000	12195000	593,743	21140,4597612098
UKG35	10942000	10632000	492,397	22221,9063073089
UKH11	5932000	5764000	169,04	35092,2858495031
UKH12	20214000	19640000	596,622	33880,7486147008
UKH13	18941000	18403000	842,678	22477,150228201
UKH14	18117000	17603000	707,726	25598,8899658908
UKH21	6133000	5959000	188,832	32478,605321132
UKH22	9791000	9514000	406,862	24064,6705762642
UKH23	38409000	37319000	1076,918	35665,6681381498
UKH31	3622000	3520000	161,962	22363,2703967597
UKH32	3451000	3353000	153,698	22453,1223568296
UKH33	34845000	33857000	1378,697	25273,8636553209
UKI11	174012000	169074000	1104,338	157571,323272404
UKI12	92970000	90332000	1912,396	48614,4083129226
UKI21	32055000	31146000	1619,558	19792,4371958275
UKI22	29709000	28866000	1199,852	24760,5538016355
UKI23	58699000	57033000	1799,142	32626,1073333845
UKJ11	39496000	38375000	835,369	47279,7051362931
UKJ12	10137000	9850000	230,956	43891,4771644815
UKJ13	15572000	15131000	490,016	31778,5541696598
UKJ14	21764000	21146000	633,912	34332,8411514532
UKJ21	7227000	7022000	252,022	28676,0679623208
UKJ22	9530000	9259000	510,263	18676,6432212408
UKJ23	41443000	40267000	1095,872	37817,3728318636
UKJ24	21490000	20880000	785,842	27346,4640474803
UKJ31	6401000	6219000	198,01	32326,6501691834
UKJ32	6853000	6659000	232,482	29477,5509501811
UKJ33	39361000	38244000	1278,894	30777,3748254351
UKJ34	2446000	2377000	139,8	17496,4234620887
UKJ41	4651000	4519000	252,756	18401,1457690421
UKJ42	34800000	33813000	1395,814	24931,688606075
UKK11	16600000	16129000	423,434	39203,2760713594
UKK12	20282000	19706000	641,912	31596,2312591134
UKK13	16804000	16327000	585,362	28707,0223212303
UKK14	8531000	8289000	194,256	43916,2754303599
UKK15	11648000	11318000	452,152	25761,2484297316
UKK21	9345000	9080000	304,614	30678,1697492564
UKK22	8600000	8356000	405,546	21205,9790997815
UKK23	12548000	12192000	522,935	23995,3340281297
UKK30	10260000	9969000	530,035	19357,2122595678
UKK41	6020000	5849000	254,984	23609,3245066357
UKK42	2397000	2329000	134,014	17886,1909949707
UKK43	17087000	16602000	745,198	22929,4764612895
UKL11	1121000	1089000	68,781	16298,1055814833
UKL12	2327000	2261000	118,588	19622,5587749182
UKL13	3675000	3571000	207,739	17690,4673652997
UKL14	6519000	6334000	373,994	17430,7609212982
UKL15	4936000	4796000	289,974	17022,2157848635
UKL16	5488000	5333000	331,457	16557,2004815104
UKL17	5695000	5533000	270,978	21016,4662813955
UKL18	5191000	5044000	229,468	22621,8906339882
UKL21	6381000	6200000	227,044	28104,6845545357
UKL22	14916000	14493000	451,874	33009,2016801144
UKL23	6940000	6743000	281,894	24619,1830971926
UKL24	2329000	2263000	131,322	17735,0329723885
UKM21	6391000	6209000	252,402	25320,7185363032
UKM22	8373000	8136000	411,379	20353,4939800038
UKM23	3555000	3454000	175,308	20278,5953864056
UKM24	2128000	2068000	111,932	19011,5427223672
UKM25	23385000	22721000	469,852	49770,9917165405
UKM26	4280000	4158000	151,135	28319,0525027293
UKM27	6157000	5982000	231,43	26604,1567644644
UKM28	4918000	4778000	168,637	29163,2322681262
UKM31	4053000	3938000	222,342	18228,6747443128
UKM32	3113000	3025000	148,441	20971,2949926233
UKM33	4311000	4189000	248,909	17319,5826587227
UKM34	24984000	24275000	583,092	42847,4408841143
UKM35	7728000	7508000	339,868	22738,239551826
UKM36	7695000	7477000	325,1	23669,6401107352
UKM37	2824000	2744000	111,676	25287,4386618432
UKM38	6843000	6649000	309,796	22088,7293573836
UKM50	18226000	17709000	450,139	40489,7153990212
UKM61	1813000	1762000	90,818	19963,0029289348
UKM62	4573000	4444000	183,266	24952,8008468565
UKM63	2058000	1999000	102,702	20038,5581585558
UKM64	523000	508000	26,242	19929,8833930341
UKM65	465000	451000	19,868	23404,4694986914
UKM66	636000	618000	21,964	28956,4742305591
UKN01	12641000	12282000	267,976	47172,1348180434
UKN02	7139000	6937000	381,088	18733,2059786716
UKN03	9075000	8818000	430,134	21098,0764133968
UKN04	4968000	4827000	286,294	17352,7911866822
UKN05	7672000	7454000	401,808	19093,6964918568
